2126216
2126217
2126218
2126219
2126220
2126221
2126222
2126223
2126224
2126225
2126226
2126227
2126228
2126229
2126230
2126231
2126232
2126233
2126234
2126235
2126236
2126237
2126238
2126239
2126240
2126241
2126242
2126243
2126244
2126245
2126246
2126247
2126248
2126249
2126250
2126251
2126252
2126253
2126254
2126255
2126256
2126257
2126258
2126259
2126260
2126261
2126262
2126263
2126264
2126265
2126266
2126267
2126268
2126269
2126270
2126271
2126272
2126273
2126274
2126275
2126276
2126277
2126278
2126279
2126280
2126281
2126282
2126283
2126284
2126285
2126286
2126287
2126288
2126289
2126290
2126291
2126292
2126293
2126294
2126295
2126296
2126297
2126298
2126299
2126300
2126301
2126302
2126303
2126304
2126305
2126306
2126307
2126308
2126309
2126310
2126311
2126312
2126313
2126314
2126315
2126316
2126317
2126318
2126319
2126320
2126321
2126322
2126323
2126324
2126325
2126326
2126327
2126328
2126329
2126330
2126331
2126332
2126333
2126334
2126335
2126336
2126337
2126338
2126339
2126340
2126341
2126342
2126343
2126344
2126345
2126346
2126347
2126348
2126349
2126350
2126351
2126352
2126353
2126354
2126355
2126356
2126357
2126358
2126359
2126360
2126361
2126362
2126363
2126364
2126365
2126366
2126367
2126368
2126369
2126370
2126371
2126372
2126373
2126374
2126375
2126376
2126377
2126378
2126379
2126380
2126381
2126382
2126383
2126384
2126385
2126386
2126387
2126388
2126389
2126390
2126391
2126392
2126393
2126394
2126395
2126396
2126397
2126398
2126399
2126400
2126401
2126402
2126403
2126404
2126405
2126406
2126407
2126408
2126409
2126410
2126411
2126412
2126413
2126414
2126415
2126416
2126417
2126418
2126419
2126420
2126421
2126422
2126423
2126424
2126425
2126426
2126427
2126428
2126429
2126430
2126431
2126432
2126433
2126434
2126435
2126436
2126437
2126438
2126439
2126440
2126441
2126442
2126443
2126444
2126445
2126446
2126447
2126448
2126449
2126450
2126451
2126452
2126453
2126454
2126455
2126456
2126457
2126458
2126459
2126460
2126461
2126462
2126463
