2130507
2130508
2130509
2130510
2130511
2130512
2130513
2130514
2130515
2130516
2130517
2130518
2130519
2130520
2130521
2130522
2130523
2130524
2130525
2130526
2130527
2130528
2130529
2130530
2130531
2130532
2130533
2130534
2130535
2130536
2130537
2130538
2130539
2130540
2130541
2130542
2130543
2130544
2130545
2130546
2130547
2130548
2130549
2130550
2130551
2130552
2130553
2130554
2130555
2130556
2130557
2130558
2130559
2130560
2130561
2130562
2130563
2130564
2130565
2130566
2130567
2130568
2130569
2130570
2130571
2130572
2130573
2130574
2130575
2130576
2130577
2130578
2130579
2130580
2130581
2130582
2130583
2130584
2130585
2130586
2130587
2130588
2130589
2130590
2130591
2130592
2130593
2130594
2130595
2130596
2130597
2130598
2130599
2130600
2130601
2130602
2130603
2130604
2130605
2130606
2130607
2130608
2130609
2130610
2130611
2130612
2130613
2130614
2130615
2130616
2130617
2130618
2130619
2130620
2130621
2130622
2130623
2130624
2130625
2130626
2130627
2130628
2130629
2130630
2130631
2130632
2130633
2130634
2130635
2130636
2130637
2130638
2130639
2130640
2130641
2130642
2130643
2130644
2130645
2130646
2130647
2130648
2130649
2130650
2130651
2130652
2130653
2130654
2130655
2130656
2130657
2130658
2130659
2130660
2130661
2130662
2130663
2130664
2130665
2130666
2130667
2130668
2130669
2130670
2130671
2130672
2130673
2130674
2130675
2130676
2130677
2130678
2130679
2130680
2130681
2130682
2130683
2130684
2130685
2130686
2130687
2130688
2130689
2130690
2130691
2130692
2130693
2130694
2130695
2130696
2130697
2130698
2130699
2130700
2130701
2130702
2130703
2130704
2130705
2130706
2130707
2130708
2130709
2130710
2130711
2130712
2130713
2130714
2130715
2130716
2130717
2130718
2130719
2130720
2130721
2130722
2130723
2130724
2130725
2130726
2130727
2130728
2130729
2130730
2130731
2130732
2130733
2130734
2130735
2130736
2130737
2130738
2130739
2130740
2130741
2130742
2130743
2130744
2130745
2130746
2130747
2130748
2130749
2130750
2130751
2130752
2130753
2130754
2130755
2130756
2130757
2130758
2130759
2130760
2130761
2130762
2130763
2130764
2130765
2130766
2130767
2130768
2130769
2130770
2130771
2130772
2130773
2130774
2130775
2130776
2130777
2130778
2130779
2130780
2130781
2130782
2130783
2130784
2130785
2130786
2130787
2130788
2130789
2130790
2130791
2130792
2130793
2130794
2130795
2130796
2130797
2130798
2130799
2130800
2130801
2130802
2130803
2130804
2130805
2130806
2130807
2130808
2130809
2130810
2130811
2130812
2130813
2130814
2130815
2130816
2130817
2130818
2130819
2130820
2130821
2130822
2130823
2130824
2130825
2130826
2130827
2130828
2130829
2130830
2130831
2130832
2130833
2130834
2130835
2130836
2130837
2130838
2130839
2130840
2130841
2130842
2130843
2130844
2130845
2130846
2130847
2130848
