2127948
2127949
2127950
2127951
2127952
2127953
2127954
2127955
2127956
2127957
2127958
2127959
2127960
2127961
2127962
2127963
2127964
2127965
2127966
2127967
2127968
2127969
2127970
2127971
2127972
2127973
2127974
2127975
2127976
2127977
2127978
2127979
2127980
2127981
2127982
2127983
2127984
2127985
2127986
2127987
2127988
2127989
2127990
2127991
2127992
2127993
2127994
2127995
2127996
2127997
2127998
2127999
2128000
2128001
2128002
2128003
2128004
2128005
2128006
2128007
2128008
2128009
2128010
2128011
2128012
2128013
2128014
2128015
2128016
2128017
2128018
2128019
2128020
2128021
2128022
2128023
2128024
2128025
2128026
2128027
2128028
2128029
2128030
2128031
2128032
2128033
2128034
2128035
2128036
2128037
2128038
2128039
2128040
2128041
2128042
2128043
2128044
2128045
2128046
2128047
2128048
2128049
2128050
2128051
2128052
2128053
2128054
2128055
2128056
2128057
2128058
2128059
2128060
2128061
2128062
2128063
2128064
2128065
2128066
2128067
2128068
2128069
2128070
2128071
2128072
2128073
2128074
2128075
2128076
2128077
2128078
2128079
2128080
2128081
2128082
2128083
2128084
2128085
2128086
2128087
2128088
2128089
2128090
2128091
2128092
2128093
2128094
2128095
2128096
2128097
2128098
2128099
2128100
2128101
2128102
2128103
2128104
2128105
2128106
2128107
2128108
2128109
2128110
2128111
2128112
2128113
2128114
2128115
2128116
2128117
2128118
2128119
2128120
2128121
2128122
2128123
2128124
2128125
2128126
2128127
2128128
2128129
2128130
2128131
2128132
2128133
2128134
2128135
2128136
2128137
2128138
2128139
2128140
2128141
2128142
2128143
2128144
2128145
2128146
2128147
2128148
2128149
2128150
2128151
2128152
2128153
2128154
2128155
2128156
2128157
2128158
2128159
2128160
2128161
2128162
2128163
2128164
2128165
2128166
2128167
2128168
2128169
2128170
2128171
2128172
2128173
2128174
2128175
2128176
2128177
2128178
2128179
2128180
2128181
2128182
2128183
2128184
2128185
2128186
2128187
2128188
2128189
2128190
2128191
2128192
2128193
2128194
2128195
2128196
2128197
2128198
2128199
2128200
2128201
2128202
2128203
2128204
2128205
2128206
2128207
2128208
2128209
2128210
2128211
2128212
2128213
2128214
2128215
2128216
2128217
2128218
2128219
2128220
2128221
2128222
2128223
2128224
2128225
2128226
2128227
2128228
2128229
2128230
2128231
2128232
2128233
2128234
2128235
2128236
2128237
2128238
2128239
2128240
2128241
2128242
2128243
2128244
2128245
2128246
2128247
2128248
2128249
2128250
2128251
2128252
2128253
2128254
2128255
2128256
2128257
2128258
2128259
2128260
2128261
2128262
2128263
2128264
2128265
2128266
2128267
2128268
2128269
2128270
2128271
2128272
2128273
2128274
2128275
2128276
2128277
2128278
2128279
2128280
2128281
2128282
2128283
2128284
2128285
2128286
2128287
2128288
2128289
2128290
2128291
2128292
2128293
2128294
2128295
2128296
2128297
2128298
2128299
2128300
2128301
2128302
2128303
2128304
2128305
2128306
2128307
2128308
2128309
2128310
2128311
2128312
2128313
2128314
2128315
2128316
2128317
2128318
2128319
2128320
2128321
2128322
2128323
2128324
2128325
2128326
2128327
2128328
2128329
2128330
2128331
2128332
2128333
2128334
2128335
2128336
2128337
2128338
2128339
2128340
2128341
2128342
2128343
2128344
2128345
2128346
2128347
2128348
2128349
2128350
2128351
2128352
2128353
2128354
2128355
2128356
2128357
2128358
2128359
2128360
2128361
2128362
2128363
2128364
2128365
2128366
2128367
2128368
2128369
2128370
2128371
2128372
2128373
2128374
2128375
2128376
2128377
2128378
2128379
2128380
2128381
2128382
2128383
2128384
2128385
2128386
2128387
2128388
2128389
2128390
2128391
2128392
2128393
2128394
2128395
2128396
2128397
2128398
2128399
2128400
2128401
2128402
2128403
2128404
2128405
2128406
2128407
2128408
2128409
2128410
2128411
2128412
2128413
2128414
2128415
2128416
2128417
2128418
2128419
2128420
2128421
2128422
2128423
2128424
2128425
2128426
2128427
2128428
2128429
2128430
2128431
2128432
2128433
2128434
2128435
2128436
2128437
2128438
2128439
2128440
2128441
2128442
2128443
2128444
2128445
2128446
2128447
2128448
2128449
2128450
2128451
2128452
2128453
2128454
2128455
2128456
2128457
2128458
2128459
2128460
2128461
2128462
2128463
2128464
2128465
2128466
2128467
2128468
2128469
2128470
2128471
2128472
2128473
2128474
2128475
2128476
2128477
2128478
2128479
2128480
2128481
2128482
2128483
2128484
2128485
2128486
2128487
2128488
2128489
2128490
2128491
2128492
2128493
2128494
2128495
2128496
2128497
2128498
2128499
2128500
2128501
2128502
2128503
2128504
2128505
2128506
2128507
2128508
2128509
2128510
2128511
2128512
2128513
2128514
2128515
2128516
2128517
2128518
2128519
2128520
2128521
2128522
2128523
2128524
2128525
2128526
2128527
2128528
2128529
2128530
2128531
2128532
2128533
2128534
2128535
2128536
2128537
2128538
2128539
2128540
2128541
2128542
2128543
2128544
2128545
2128546
2128547
2128548
2128549
2128550
2128551
2128552
2128553
2128554
2128555
2128556
2128557
2128558
2128559
2128560
2128561
2128562
2128563
2128564
2128565
2128566
2128567
2128568
2128569
2128570
2128571
2128572
2128573
2128574
2128575
2128576
2128577
2128578
2128579
2128580
2128581
2128582
2128583
2128584
2128585
2128586
2128587
2128588
2128589
2128590
2128591
2128592
2128593
