2129679
2129680
2129681
2129682
2129683
2129684
2129685
2129686
2129687
2129688
2129689
2129690
2129691
2129692
2129693
2129694
2129695
2129696
2129697
2129698
2129699
2129700
2129701
2129702
2129703
2129704
2129705
2129706
2129707
2129708
2129709
2129710
2129711
2129712
2129713
2129714
2129715
2129716
2129717
2129718
2129719
2129720
2129721
2129722
2129723
2129724
2129725
2129726
2129727
2129728
2129729
2129730
2129731
2129732
2129733
2129734
2129735
2129736
2129737
2129738
2129739
2129740
2129741
2129742
2129743
2129744
2129745
2129746
2129747
2129748
2129749
2129750
2129751
2129752
2129753
2129754
2129755
2129756
2129757
2129758
2129759
2129760
2129761
2129762
2129763
2129764
2129765
2129766
2129767
2129768
2129769
2129770
2129771
2129772
2129773
2129774
2129775
2129776
2129777
2129778
2129779
2129780
2129781
2129782
2129783
2129784
2129785
2129786
2129787
2129788
2129789
2129790
2129791
2129792
2129793
2129794
2129795
2129796
2129797
2129798
2129799
2129800
2129801
2129802
2129803
2129804
2129805
2129806
2129807
2129808
2129809
2129810
2129811
2129812
2129813
2129814
2129815
2129816
2129817
2129818
2129819
2129820
2129821
2129822
2129823
2129824
2129825
2129826
2129827
2129828
2129829
2129830
2129831
2129832
2129833
2129834
2129835
2129836
2129837
2129838
2129839
2129840
2129841
2129842
2129843
2129844
2129845
2129846
2129847
2129848
2129849
2129850
2129851
2129852
2129853
2129854
2129855
2129856
2129857
2129858
2129859
2129860
2129861
2129862
2129863
2129864
2129865
2129866
2129867
2129868
2129869
2129870
2129871
2129872
2129873
2129874
2129875
2129876
2129877
2129878
2129879
2129880
2129881
2129882
2129883
2129884
2129885
2129886
2129887
2129888
2129889
2129890
2129891
2129892
2129893
2129894
2129895
2129896
2129897
2129898
2129899
2129900
2129901
2129902
2129903
2129904
2129905
2129906
2129907
2129908
2129909
2129910
2129911
2129912
2129913
2129914
2129915
2129916
2129917
2129918
2129919
2129920
2129921
2129922
2129923
2129924
2129925
2129926
2129927
2129928
2129929
2129930
2129931
2129932
2129933
2129934
2129935
2129936
2129937
2129938
2129939
2129940
2129941
2129942
2129943
2129944
2129945
2129946
2129947
2129948
2129949
2129950
2129951
2129952
2129953
2129954
2129955
2129956
2129957
2129958
2129959
2129960
2129961
2129962
2129963
2129964
2129965
2129966
2129967
2129968
2129969
2129970
2129971
2129972
2129973
2129974
2129975
2129976
2129977
2129978
2129979
2129980
2129981
2129982
2129983
2129984
2129985
2129986
2129987
2129988
2129989
2129990
2129991
2129992
2129993
2129994
2129995
2129996
2129997
2129998
2129999
2130000
2130001
2130002
2130003
2130004
2130005
2130006
2130007
2130008
2130009
2130010
2130011
2130012
2130013
2130014
2130015
2130016
2130017
2130018
2130019
2130020
2130021
2130022
2130023
2130024
2130025
2130026
2130027
2130028
2130029
2130030
2130031
2130032
2130033
2130034
2130035
2130036
2130037
2130038
2130039
2130040
2130041
2130042
2130043
2130044
2130045
2130046
2130047
2130048
2130049
2130050
2130051
2130052
2130053
2130054
2130055
2130056
2130057
2130058
2130059
2130060
2130061
2130062
2130063
2130064
2130065
