2135166
2135167
2135168
2135169
2135170
2135171
2135172
2135173
2135174
2135175
2135176
2135177
2135178
2135179
2135180
2135181
2135182
2135183
2135184
2135185
2135186
2135187
2135188
2135189
2135190
2135191
2135192
2135193
2135194
2135195
2135196
2135197
2135198
2135199
2135200
2135201
2135202
2135203
2135204
2135205
2135206
2135207
2135208
2135209
2135210
2135211
2135212
2135213
2135214
2135215
2135216
2135217
2135218
2135219
2135220
2135221
2135222
2135223
2135224
2135225
2135226
2135227
2135228
2135229
2135230
2135231
2135232
2135233
2135234
2135235
2135236
2135237
2135238
2135239
2135240
2135241
2135242
2135243
2135244
2135245
2135246
2135247
2135248
2135249
2135250
2135251
2135252
2135253
2135254
2135255
2135256
2135257
2135258
2135259
2135260
2135261
2135262
2135263
2135264
2135265
2135266
2135267
2135268
2135269
2135270
2135271
2135272
2135273
2135274
2135275
2135276
2135277
2135278
2135279
2135280
2135281
2135282
2135283
2135284
2135285
2135286
2135287
2135288
2135289
2135290
2135291
2135292
2135293
2135294
2135295
2135296
2135297
2135298
2135299
2135300
2135301
2135302
2135303
2135304
2135305
2135306
2135307
2135308
2135309
2135310
2135311
2135312
2135313
2135314
2135315
2135316
2135317
2135318
2135319
2135320
2135321
2135322
2135323
2135324
2135325
2135326
2135327
2135328
2135329
2135330
2135331
2135332
2135333
2135334
2135335
2135336
2135337
2135338
2135339
2135340
2135341
2135342
2135343
2135344
2135345
2135346
2135347
2135348
2135349
2135350
2135351
2135352
2135353
2135354
2135355
2135356
2135357
2135358
2135359
2135360
2135361
2135362
2135363
2135364
2135365
2135366
2135367
2135368
2135369
2135370
2135371
2135372
2135373
2135374
2135375
2135376
2135377
2135378
2135379
2135380
2135381
2135382
2135383
2135384
2135385
2135386
2135387
2135388
2135389
2135390
2135391
2135392
2135393
2135394
2135395
2135396
2135397
2135398
2135399
2135400
2135401
2135402
2135403
2135404
2135405
2135406
2135407
2135408
2135409
2135410
2135411
2135412
2135413
2135414
2135415
2135416
2135417
2135418
2135419
2135420
2135421
2135422
2135423
2135424
2135425
2135426
2135427
2135428
2135429
2135430
2135431
2135432
2135433
2135434
2135435
2135436
2135437
2135438
2135439
2135440
2135441
2135442
2135443
2135444
2135445
2135446
2135447
2135448
2135449
2135450
2135451
2135452
2135453
2135454
2135455
2135456
2135457
2135458
2135459
2135460
2135461
2135462
2135463
2135464
2135465
2135466
2135467
2135468
2135469
2135470
2135471
2135472
2135473
2135474
2135475
2135476
2135477
2135478
2135479
2135480
2135481
2135482
2135483
2135484
2135485
2135486
2135487
2135488
2135489
2135490
2135491
2135492
2135493
2135494
2135495
2135496
2135497
2135498
2135499
2135500
2135501
2135502
2135503
2135504
2135505
2135506
2135507
2135508
2135509
2135510
2135511
2135512
2135513
2135514
2135515
2135516
2135517
2135518
2135519
2135520
2135521
2135522
