2135873
2135874
2135875
2135876
2135877
2135878
2135879
2135880
2135881
2135882
2135883
2135884
2135885
2135886
2135887
2135888
2135889
2135890
2135891
2135892
2135893
2135894
2135895
2135896
2135897
2135898
2135899
2135900
2135901
2135902
2135903
2135904
2135905
2135906
2135907
2135908
2135909
2135910
2135911
2135912
2135913
2135914
2135915
2135916
2135917
2135918
2135919
2135920
2135921
2135922
2135923
2135924
2135925
2135926
2135927
2135928
2135929
2135930
2135931
2135932
2135933
2135934
2135935
2135936
2135937
2135938
2135939
2135940
2135941
2135942
2135943
2135944
2135945
2135946
2135947
2135948
2135949
2135950
2135951
2135952
2135953
2135954
2135955
2135956
2135957
2135958
2135959
2135960
2135961
2135962
2135963
2135964
2135965
2135966
2135967
2135968
2135969
2135970
2135971
2135972
2135973
2135974
2135975
2135976
2135977
2135978
2135979
2135980
2135981
2135982
2135983
2135984
2135985
2135986
2135987
2135988
2135989
2135990
2135991
2135992
2135993
2135994
2135995
2135996
2135997
2135998
2135999
2136000
2136001
2136002
2136003
2136004
2136005
2136006
2136007
2136008
2136009
2136010
2136011
2136012
2136013
2136014
2136015
2136016
2136017
2136018
2136019
2136020
2136021
2136022
2136023
2136024
2136025
2136026
2136027
2136028
2136029
2136030
2136031
2136032
2136033
2136034
2136035
2136036
2136037
2136038
2136039
2136040
2136041
2136042
2136043
2136044
2136045
2136046
2136047
2136048
2136049
2136050
2136051
2136052
2136053
2136054
2136055
2136056
2136057
2136058
2136059
2136060
2136061
2136062
2136063
2136064
2136065
2136066
2136067
2136068
2136069
2136070
2136071
2136072
2136073
2136074
2136075
2136076
2136077
2136078
2136079
2136080
2136081
2136082
2136083
2136084
2136085
2136086
2136087
2136088
2136089
2136090
2136091
2136092
2136093
2136094
2136095
2136096
2136097
2136098
2136099
2136100
2136101
2136102
2136103
2136104
2136105
2136106
2136107
2136108
2136109
2136110
2136111
2136112
2136113
2136114
2136115
2136116
2136117
2136118
2136119
2136120
2136121
2136122
2136123
2136124
2136125
2136126
2136127
2136128
2136129
2136130
2136131
2136132
2136133
2136134
2136135
2136136
2136137
2136138
2136139
2136140
2136141
2136142
2136143
2136144
2136145
2136146
2136147
2136148
2136149
2136150
2136151
2136152
2136153
2136154
2136155
2136156
2136157
2136158
2136159
2136160
2136161
2136162
2136163
2136164
2136165
2136166
2136167
2136168
2136169
2136170
2136171
2136172
2136173
2136174
2136175
2136176
2136177
2136178
2136179
2136180
2136181
2136182
2136183
2136184
2136185
2136186
2136187
2136188
2136189
2136190
2136191
2136192
2136193
2136194
2136195
2136196
2136197
2136198
2136199
2136200
2136201
2136202
2136203
2136204
2136205
2136206
2136207
2136208
2136209
2136210
2136211
2136212
2136213
2136214
2136215
2136216
2136217
2136218
2136219
2136220
2136221
2136222
2136223
2136224
2136225
2136226
2136227
2136228
2136229
2136230
2136231
2136232
2136233
2136234
2136235
2136236
2136237
2136238
2136239
2136240
2136241
2136242
2136243
2136244
2136245
2136246
2136247
2136248
2136249
2136250
2136251
2136252
2136253
2136254
2136255
2136256
2136257
2136258
2136259
2136260
2136261
2136262
2136263
2136264
