2130066
2130067
2130068
2130069
2130070
2130071
2130072
2130073
2130074
2130075
2130076
2130077
2130078
2130079
2130080
2130081
2130082
2130083
2130084
2130085
2130086
2130087
2130088
2130089
2130090
2130091
2130092
2130093
2130094
2130095
2130096
2130097
2130098
2130099
2130100
2130101
2130102
2130103
2130104
2130105
2130106
2130107
2130108
2130109
2130110
2130111
2130112
2130113
2130114
2130115
2130116
2130117
2130118
2130119
2130120
2130121
2130122
2130123
2130124
2130125
2130126
2130127
2130128
2130129
2130130
2130131
2130132
2130133
2130134
2130135
2130136
2130137
2130138
2130139
2130140
2130141
2130142
2130143
2130144
2130145
2130146
2130147
2130148
2130149
2130150
2130151
2130152
2130153
2130154
2130155
2130156
2130157
2130158
2130159
2130160
2130161
2130162
2130163
2130164
2130165
2130166
2130167
2130168
2130169
2130170
2130171
2130172
2130173
2130174
2130175
2130176
2130177
2130178
2130179
2130180
2130181
2130182
2130183
2130184
2130185
2130186
2130187
2130188
2130189
2130190
2130191
2130192
2130193
2130194
2130195
2130196
2130197
2130198
2130199
2130200
2130201
2130202
2130203
2130204
2130205
2130206
2130207
2130208
2130209
2130210
2130211
2130212
2130213
2130214
2130215
2130216
2130217
2130218
2130219
2130220
2130221
2130222
2130223
2130224
2130225
2130226
2130227
2130228
2130229
2130230
2130231
2130232
2130233
2130234
2130235
2130236
2130237
2130238
2130239
2130240
2130241
2130242
2130243
2130244
2130245
2130246
2130247
2130248
2130249
2130250
2130251
2130252
2130253
2130254
2130255
2130256
2130257
2130258
2130259
2130260
2130261
2130262
2130263
2130264
2130265
2130266
2130267
2130268
2130269
2130270
2130271
2130272
2130273
2130274
2130275
2130276
2130277
2130278
2130279
2130280
2130281
2130282
2130283
2130284
2130285
2130286
2130287
2130288
2130289
2130290
2130291
2130292
2130293
2130294
2130295
2130296
2130297
2130298
2130299
2130300
2130301
2130302
2130303
2130304
2130305
2130306
2130307
2130308
2130309
2130310
2130311
2130312
2130313
2130314
2130315
2130316
2130317
2130318
2130319
2130320
2130321
2130322
2130323
2130324
2130325
2130326
2130327
2130328
2130329
2130330
2130331
2130332
2130333
2130334
2130335
2130336
2130337
2130338
2130339
2130340
2130341
2130342
2130343
2130344
2130345
2130346
2130347
2130348
2130349
2130350
2130351
2130352
2130353
2130354
2130355
2130356
2130357
2130358
2130359
2130360
2130361
2130362
2130363
2130364
2130365
2130366
2130367
2130368
2130369
2130370
2130371
2130372
2130373
2130374
2130375
2130376
2130377
2130378
2130379
2130380
2130381
2130382
2130383
2130384
2130385
2130386
2130387
2130388
2130389
2130390
2130391
2130392
2130393
2130394
2130395
2130396
2130397
2130398
2130399
2130400
2130401
2130402
2130403
2130404
2130405
2130406
2130407
2130408
2130409
2130410
2130411
2130412
2130413
2130414
2130415
2130416
2130417
2130418
2130419
2130420
2130421
2130422
2130423
2130424
2130425
2130426
2130427
2130428
2130429
2130430
2130431
2130432
2130433
2130434
2130435
2130436
2130437
2130438
2130439
2130440
2130441
2130442
2130443
2130444
2130445
2130446
2130447
2130448
2130449
2130450
2130451
2130452
2130453
2130454
2130455
2130456
2130457
2130458
2130459
2130460
2130461
2130462
2130463
2130464
2130465
2130466
2130467
2130468
2130469
2130470
2130471
2130472
2130473
2130474
2130475
2130476
2130477
2130478
2130479
2130480
2130481
2130482
2130483
2130484
2130485
2130486
2130487
2130488
2130489
2130490
2130491
