2126972
2126973
2126974
2126975
2126976
2126977
2126978
2126979
2126980
2126981
2126982
2126983
2126984
2126985
2126986
2126987
2126988
2126989
2126990
2126991
2126992
2126993
2126994
2126995
2126996
2126997
2126998
2126999
2127000
2127001
2127002
2127003
2127004
2127005
2127006
2127007
2127008
2127009
2127010
2127011
2127012
2127013
2127014
2127015
2127016
2127017
2127018
2127019
2127020
2127021
2127022
2127023
2127024
2127025
2127026
2127027
2127028
2127029
2127030
2127031
2127032
2127033
2127034
2127035
2127036
2127037
2127038
2127039
2127040
2127041
2127042
2127043
2127044
2127045
2127046
2127047
2127048
2127049
2127050
2127051
2127052
2127053
2127054
2127055
2127056
2127057
2127058
2127059
2127060
2127061
2127062
2127063
2127064
2127065
2127066
2127067
2127068
2127069
2127070
2127071
2127072
2127073
2127074
2127075
2127076
2127077
2127078
2127079
2127080
2127081
2127082
2127083
2127084
2127085
2127086
2127087
2127088
2127089
2127090
2127091
2127092
2127093
2127094
2127095
2127096
2127097
2127098
2127099
2127100
2127101
2127102
2127103
2127104
2127105
2127106
2127107
2127108
2127109
2127110
2127111
2127112
2127113
2127114
2127115
2127116
2127117
2127118
2127119
2127120
2127121
2127122
2127123
2127124
2127125
2127126
2127127
2127128
2127129
2127130
2127131
2127132
2127133
2127134
2127135
2127136
2127137
2127138
2127139
2127140
2127141
2127142
2127143
2127144
2127145
2127146
2127147
2127148
2127149
2127150
2127151
2127152
2127153
2127154
2127155
2127156
2127157
2127158
2127159
2127160
2127161
2127162
2127163
2127164
2127165
2127166
2127167
2127168
2127169
2127170
2127171
2127172
2127173
2127174
2127175
2127176
2127177
2127178
2127179
2127180
2127181
2127182
2127183
2127184
2127185
2127186
2127187
2127188
2127189
2127190
2127191
2127192
2127193
2127194
2127195
2127196
2127197
2127198
2127199
2127200
2127201
2127202
2127203
2127204
2127205
2127206
2127207
2127208
2127209
2127210
2127211
2127212
2127213
2127214
2127215
2127216
2127217
2127218
2127219
2127220
2127221
2127222
2127223
2127224
2127225
2127226
2127227
2127228
2127229
2127230
2127231
2127232
2127233
2127234
2127235
2127236
2127237
2127238
2127239
2127240
2127241
2127242
2127243
