2133711
2133712
2133713
2133714
2133715
2133716
2133717
2133718
2133719
2133720
2133721
2133722
2133723
2133724
2133725
2133726
2133727
2133728
2133729
2133730
2133731
2133732
2133733
2133734
2133735
2133736
2133737
2133738
2133739
2133740
2133741
2133742
2133743
2133744
2133745
2133746
2133747
2133748
2133749
2133750
2133751
2133752
2133753
2133754
2133755
2133756
2133757
2133758
2133759
2133760
2133761
2133762
2133763
2133764
2133765
2133766
2133767
2133768
2133769
2133770
2133771
2133772
2133773
2133774
2133775
2133776
2133777
2133778
2133779
2133780
2133781
2133782
2133783
2133784
2133785
2133786
2133787
2133788
2133789
2133790
2133791
2133792
2133793
2133794
2133795
2133796
2133797
2133798
2133799
2133800
2133801
2133802
2133803
2133804
2133805
2133806
2133807
2133808
2133809
2133810
2133811
2133812
2133813
2133814
2133815
2133816
2133817
2133818
2133819
2133820
2133821
2133822
2133823
2133824
2133825
2133826
2133827
2133828
2133829
2133830
2133831
2133832
2133833
2133834
2133835
2133836
2133837
2133838
2133839
2133840
2133841
2133842
2133843
2133844
2133845
2133846
2133847
2133848
2133849
2133850
2133851
2133852
2133853
2133854
2133855
2133856
2133857
2133858
2133859
2133860
2133861
2133862
2133863
2133864
2133865
2133866
2133867
2133868
2133869
2133870
2133871
2133872
2133873
2133874
2133875
2133876
2133877
2133878
2133879
2133880
2133881
2133882
2133883
2133884
2133885
2133886
2133887
2133888
2133889
2133890
2133891
2133892
2133893
2133894
2133895
2133896
2133897
2133898
2133899
2133900
2133901
2133902
2133903
2133904
2133905
2133906
2133907
2133908
2133909
2133910
2133911
2133912
2133913
2133914
2133915
2133916
2133917
2133918
2133919
2133920
2133921
2133922
2133923
2133924
2133925
2133926
2133927
2133928
2133929
2133930
2133931
2133932
2133933
2133934
2133935
2133936
2133937
2133938
2133939
2133940
2133941
2133942
2133943
2133944
2133945
2133946
2133947
2133948
2133949
2133950
2133951
2133952
2133953
2133954
2133955
2133956
2133957
2133958
2133959
2133960
2133961
2133962
2133963
2133964
2133965
2133966
2133967
2133968
2133969
2133970
2133971
2133972
2133973
2133974
2133975
2133976
2133977
2133978
2133979
2133980
2133981
2133982
2133983
2133984
2133985
2133986
2133987
2133988
2133989
2133990
2133991
2133992
2133993
2133994
2133995
2133996
2133997
2133998
2133999
2134000
2134001
2134002
2134003
2134004
2134005
2134006
2134007
2134008
2134009
2134010
2134011
2134012
2134013
2134014
2134015
2134016
2134017
2134018
2134019
2134020
2134021
2134022
2134023
2134024
2134025
2134026
2134027
2134028
2134029
2134030
2134031
2134032
2134033
2134034
2134035
2134036
2134037
2134038
2134039
2134040
2134041
2134042
2134043
2134044
