2128978
2128979
2128980
2128981
2128982
2128983
2128984
2128985
2128986
2128987
2128988
2128989
2128990
2128991
2128992
2128993
2128994
2128995
2128996
2128997
2128998
2128999
2129000
2129001
2129002
2129003
2129004
2129005
2129006
2129007
2129008
2129009
2129010
2129011
2129012
2129013
2129014
2129015
2129016
2129017
2129018
2129019
2129020
2129021
2129022
2129023
2129024
2129025
2129026
2129027
2129028
2129029
2129030
2129031
2129032
2129033
2129034
2129035
2129036
2129037
2129038
2129039
2129040
2129041
2129042
2129043
2129044
2129045
2129046
2129047
2129048
2129049
2129050
2129051
2129052
2129053
2129054
2129055
2129056
2129057
2129058
2129059
2129060
2129061
2129062
2129063
2129064
2129065
2129066
2129067
2129068
2129069
2129070
2129071
2129072
2129073
2129074
2129075
2129076
2129077
2129078
2129079
2129080
2129081
2129082
2129083
2129084
2129085
2129086
2129087
2129088
2129089
2129090
2129091
2129092
2129093
2129094
2129095
2129096
2129097
2129098
2129099
2129100
2129101
2129102
2129103
2129104
2129105
2129106
2129107
2129108
2129109
2129110
2129111
2129112
2129113
2129114
2129115
2129116
2129117
2129118
2129119
2129120
2129121
2129122
2129123
2129124
2129125
2129126
2129127
2129128
2129129
2129130
2129131
2129132
2129133
2129134
2129135
2129136
2129137
2129138
2129139
2129140
2129141
2129142
2129143
2129144
2129145
2129146
2129147
2129148
2129149
2129150
2129151
2129152
2129153
2129154
2129155
2129156
2129157
2129158
2129159
2129160
2129161
2129162
2129163
2129164
2129165
2129166
2129167
2129168
2129169
2129170
2129171
2129172
2129173
2129174
2129175
2129176
2129177
2129178
2129179
2129180
2129181
2129182
2129183
2129184
2129185
2129186
2129187
2129188
2129189
2129190
2129191
2129192
2129193
2129194
2129195
2129196
2129197
2129198
2129199
2129200
2129201
2129202
2129203
2129204
2129205
2129206
2129207
2129208
2129209
2129210
2129211
2129212
2129213
2129214
2129215
2129216
2129217
2129218
2129219
2129220
2129221
2129222
2129223
2129224
2129225
2129226
2129227
2129228
2129229
2129230
2129231
2129232
2129233
2129234
2129235
2129236
2129237
2129238
2129239
2129240
2129241
2129242
2129243
2129244
2129245
2129246
2129247
2129248
2129249
2129250
2129251
2129252
2129253
2129254
2129255
2129256
2129257
2129258
2129259
2129260
2129261
2129262
2129263
2129264
2129265
2129266
2129267
2129268
2129269
2129270
2129271
2129272
2129273
2129274
2129275
2129276
2129277
2129278
2129279
2129280
2129281
2129282
2129283
2129284
2129285
2129286
2129287
2129288
2129289
2129290
2129291
2129292
2129293
2129294
2129295
2129296
2129297
2129298
2129299
2129300
2129301
2129302
2129303
2129304
2129305
2129306
2129307
2129308
2129309
2129310
