2134717
2134718
2134719
2134720
2134721
2134722
2134723
2134724
2134725
2134726
2134727
2134728
2134729
2134730
2134731
2134732
2134733
2134734
2134735
2134736
2134737
2134738
2134739
2134740
2134741
2134742
2134743
2134744
2134745
2134746
2134747
2134748
2134749
2134750
2134751
2134752
2134753
2134754
2134755
2134756
2134757
2134758
2134759
2134760
2134761
2134762
2134763
2134764
2134765
2134766
2134767
2134768
2134769
2134770
2134771
2134772
2134773
2134774
2134775
2134776
2134777
2134778
2134779
2134780
2134781
2134782
2134783
2134784
2134785
2134786
2134787
2134788
2134789
2134790
2134791
2134792
2134793
2134794
2134795
2134796
2134797
2134798
2134799
2134800
2134801
2134802
2134803
2134804
2134805
2134806
2134807
2134808
2134809
2134810
2134811
2134812
2134813
2134814
2134815
2134816
2134817
2134818
2134819
2134820
2134821
2134822
2134823
2134824
2134825
2134826
2134827
2134828
2134829
2134830
2134831
2134832
2134833
2134834
2134835
2134836
2134837
2134838
2134839
2134840
2134841
2134842
2134843
2134844
2134845
2134846
2134847
2134848
2134849
2134850
2134851
2134852
2134853
2134854
2134855
2134856
2134857
2134858
2134859
2134860
2134861
2134862
2134863
2134864
2134865
2134866
2134867
2134868
2134869
2134870
2134871
2134872
2134873
2134874
2134875
2134876
2134877
2134878
2134879
2134880
2134881
2134882
2134883
2134884
2134885
2134886
2134887
2134888
2134889
2134890
2134891
2134892
2134893
2134894
2134895
2134896
2134897
2134898
2134899
2134900
2134901
2134902
2134903
2134904
2134905
2134906
2134907
2134908
2134909
2134910
2134911
2134912
2134913
2134914
2134915
2134916
2134917
2134918
2134919
2134920
2134921
2134922
2134923
2134924
2134925
2134926
2134927
2134928
2134929
2134930
2134931
2134932
2134933
2134934
2134935
2134936
2134937
2134938
2134939
2134940
2134941
2134942
2134943
2134944
2134945
2134946
2134947
2134948
2134949
2134950
2134951
2134952
2134953
2134954
2134955
2134956
2134957
2134958
2134959
2134960
2134961
2134962
2134963
2134964
2134965
2134966
2134967
2134968
2134969
2134970
2134971
2134972
2134973
2134974
2134975
2134976
2134977
2134978
2134979
2134980
2134981
2134982
2134983
2134984
2134985
2134986
2134987
2134988
2134989
2134990
2134991
2134992
2134993
2134994
2134995
2134996
2134997
2134998
2134999
2135000
2135001
2135002
2135003
2135004
2135005
2135006
2135007
2135008
2135009
2135010
2135011
2135012
2135013
2135014
2135015
2135016
2135017
2135018
2135019
2135020
2135021
2135022
2135023
2135024
2135025
2135026
2135027
2135028
2135029
2135030
2135031
2135032
2135033
2135034
2135035
2135036
2135037
2135038
2135039
2135040
2135041
2135042
2135043
2135044
2135045
2135046
2135047
2135048
2135049
2135050
2135051
2135052
2135053
2135054
2135055
2135056
2135057
2135058
2135059
2135060
2135061
2135062
2135063
2135064
2135065
2135066
2135067
2135068
2135069
2135070
2135071
2135072
2135073
2135074
2135075
2135076
2135077
2135078
2135079
2135080
2135081
2135082
2135083
2135084
2135085
2135086
2135087
2135088
2135089
2135090
2135091
2135092
2135093
2135094
2135095
2135096
2135097
2135098
2135099
2135100
2135101
2135102
2135103
2135104
2135105
2135106
2135107
2135108
2135109
2135110
2135111
2135112
2135113
2135114
2135115
2135116
2135117
2135118
2135119
2135120
2135121
2135122
2135123
2135124
2135125
2135126
2135127
2135128
2135129
2135130
2135131
2135132
2135133
2135134
2135135
2135136
2135137
2135138
2135139
2135140
2135141
2135142
2135143
2135144
2135145
2135146
2135147
2135148
2135149
2135150
2135151
2135152
2135153
2135154
2135155
2135156
2135157
2135158
2135159
2135160
2135161
2135162
2135163
2135164
2135165
