2127593
2127594
2127595
2127596
2127597
2127598
2127599
2127600
2127601
2127602
2127603
2127604
2127605
2127606
2127607
2127608
2127609
2127610
2127611
2127612
2127613
2127614
2127615
2127616
2127617
2127618
2127619
2127620
2127621
2127622
2127623
2127624
2127625
2127626
2127627
2127628
2127629
2127630
2127631
2127632
2127633
2127634
2127635
2127636
2127637
2127638
2127639
2127640
2127641
2127642
2127643
2127644
2127645
2127646
2127647
2127648
2127649
2127650
2127651
2127652
2127653
2127654
2127655
2127656
2127657
2127658
2127659
2127660
2127661
2127662
2127663
2127664
2127665
2127666
2127667
2127668
2127669
2127670
2127671
2127672
2127673
2127674
2127675
2127676
2127677
2127678
2127679
2127680
2127681
2127682
2127683
2127684
2127685
2127686
2127687
2127688
2127689
2127690
2127691
2127692
2127693
2127694
2127695
2127696
2127697
2127698
2127699
2127700
2127701
2127702
2127703
2127704
2127705
2127706
2127707
2127708
2127709
2127710
2127711
2127712
2127713
2127714
2127715
2127716
2127717
2127718
2127719
2127720
2127721
2127722
2127723
2127724
2127725
2127726
2127727
2127728
2127729
2127730
2127731
2127732
2127733
2127734
2127735
2127736
2127737
2127738
2127739
2127740
2127741
2127742
2127743
2127744
2127745
2127746
2127747
2127748
2127749
2127750
2127751
2127752
2127753
2127754
2127755
2127756
2127757
2127758
2127759
2127760
2127761
2127762
2127763
2127764
2127765
2127766
2127767
2127768
2127769
2127770
2127771
2127772
2127773
2127774
2127775
2127776
2127777
2127778
2127779
2127780
2127781
2127782
2127783
2127784
2127785
2127786
2127787
2127788
2127789
2127790
2127791
2127792
2127793
2127794
2127795
2127796
2127797
2127798
2127799
2127800
2127801
2127802
2127803
2127804
2127805
2127806
2127807
2127808
2127809
2127810
2127811
2127812
2127813
2127814
2127815
2127816
2127817
2127818
2127819
2127820
2127821
2127822
2127823
2127824
2127825
2127826
2127827
2127828
2127829
2127830
2127831
2127832
2127833
2127834
2127835
2127836
2127837
2127838
2127839
2127840
2127841
2127842
2127843
2127844
2127845
2127846
2127847
2127848
2127849
2127850
2127851
2127852
2127853
2127854
2127855
2127856
2127857
2127858
2127859
2127860
2127861
2127862
2127863
2127864
2127865
2127866
2127867
2127868
2127869
2127870
2127871
2127872
2127873
2127874
2127875
2127876
2127877
2127878
2127879
2127880
2127881
2127882
2127883
2127884
2127885
2127886
2127887
2127888
2127889
2127890
2127891
2127892
2127893
2127894
2127895
2127896
2127897
2127898
2127899
2127900
2127901
2127902
2127903
2127904
2127905
2127906
2127907
2127908
2127909
2127910
2127911
2127912
2127913
2127914
2127915
2127916
2127917
2127918
2127919
2127920
2127921
2127922
2127923
2127924
2127925
2127926
2127927
2127928
2127929
2127930
2127931
2127932
2127933
2127934
2127935
2127936
2127937
2127938
2127939
2127940
2127941
2127942
2127943
2127944
2127945
2127946
2127947
