2135523
2135524
2135525
2135526
2135527
2135528
2135529
2135530
2135531
2135532
2135533
2135534
2135535
2135536
2135537
2135538
2135539
2135540
2135541
2135542
2135543
2135544
2135545
2135546
2135547
2135548
2135549
2135550
2135551
2135552
2135553
2135554
2135555
2135556
2135557
2135558
2135559
2135560
2135561
2135562
2135563
2135564
2135565
2135566
2135567
2135568
2135569
2135570
2135571
2135572
2135573
2135574
2135575
2135576
2135577
2135578
2135579
2135580
2135581
2135582
2135583
2135584
2135585
2135586
2135587
2135588
2135589
2135590
2135591
2135592
2135593
2135594
2135595
2135596
2135597
2135598
2135599
2135600
2135601
2135602
2135603
2135604
2135605
2135606
2135607
2135608
2135609
2135610
2135611
2135612
2135613
2135614
2135615
2135616
2135617
2135618
2135619
2135620
2135621
2135622
2135623
2135624
2135625
2135626
2135627
2135628
2135629
2135630
2135631
2135632
2135633
2135634
2135635
2135636
2135637
2135638
2135639
2135640
2135641
2135642
2135643
2135644
2135645
2135646
2135647
2135648
2135649
2135650
2135651
2135652
2135653
2135654
2135655
2135656
2135657
2135658
2135659
2135660
2135661
2135662
2135663
2135664
2135665
2135666
2135667
2135668
2135669
2135670
2135671
2135672
2135673
2135674
2135675
2135676
2135677
2135678
2135679
2135680
2135681
2135682
2135683
2135684
2135685
2135686
2135687
2135688
2135689
2135690
2135691
2135692
2135693
2135694
2135695
2135696
2135697
2135698
2135699
2135700
2135701
2135702
2135703
2135704
2135705
2135706
2135707
2135708
2135709
2135710
2135711
2135712
2135713
2135714
2135715
2135716
2135717
2135718
2135719
2135720
2135721
2135722
2135723
2135724
2135725
2135726
2135727
2135728
2135729
2135730
2135731
2135732
2135733
2135734
2135735
2135736
2135737
2135738
2135739
2135740
2135741
2135742
2135743
2135744
2135745
2135746
2135747
2135748
2135749
2135750
2135751
2135752
2135753
2135754
2135755
2135756
2135757
2135758
2135759
2135760
2135761
2135762
2135763
2135764
2135765
2135766
2135767
2135768
2135769
2135770
2135771
2135772
2135773
2135774
2135775
2135776
2135777
2135778
2135779
2135780
2135781
2135782
2135783
2135784
2135785
2135786
2135787
2135788
2135789
2135790
2135791
2135792
2135793
2135794
2135795
2135796
2135797
2135798
2135799
2135800
2135801
2135802
2135803
2135804
2135805
2135806
2135807
2135808
2135809
2135810
2135811
2135812
2135813
2135814
2135815
2135816
2135817
2135818
2135819
2135820
2135821
2135822
2135823
2135824
2135825
2135826
2135827
2135828
2135829
2135830
2135831
2135832
2135833
2135834
2135835
2135836
2135837
2135838
2135839
2135840
2135841
2135842
2135843
2135844
2135845
2135846
2135847
2135848
2135849
2135850
2135851
2135852
2135853
2135854
2135855
2135856
2135857
2135858
2135859
2135860
2135861
2135862
2135863
2135864
2135865
2135866
2135867
2135868
2135869
2135870
2135871
2135872
