2126680
2126681
2126682
2126683
2126684
2126685
2126686
2126687
2126688
2126689
2126690
2126691
2126692
2126693
2126694
2126695
2126696
2126697
2126698
2126699
2126700
2126701
2126702
2126703
2126704
2126705
2126706
2126707
2126708
2126709
2126710
2126711
2126712
2126713
2126714
2126715
2126716
2126717
2126718
2126719
2126720
2126721
2126722
2126723
2126724
2126725
2126726
2126727
2126728
2126729
2126730
2126731
2126732
2126733
2126734
2126735
2126736
2126737
2126738
2126739
2126740
2126741
2126742
2126743
2126744
2126745
2126746
2126747
2126748
2126749
2126750
2126751
2126752
2126753
2126754
2126755
2126756
2126757
2126758
2126759
2126760
2126761
2126762
2126763
2126764
2126765
2126766
2126767
2126768
2126769
2126770
2126771
2126772
2126773
2126774
2126775
2126776
2126777
2126778
2126779
2126780
2126781
2126782
2126783
2126784
2126785
2126786
2126787
2126788
2126789
2126790
2126791
2126792
2126793
2126794
2126795
2126796
2126797
2126798
2126799
2126800
2126801
2126802
2126803
2126804
2126805
2126806
2126807
2126808
2126809
2126810
2126811
2126812
2126813
2126814
2126815
2126816
2126817
2126818
2126819
2126820
2126821
2126822
2126823
2126824
2126825
2126826
2126827
2126828
2126829
2126830
2126831
2126832
2126833
2126834
2126835
2126836
2126837
2126838
2126839
2126840
2126841
2126842
2126843
2126844
2126845
2126846
2126847
2126848
2126849
2126850
2126851
2126852
2126853
2126854
2126855
2126856
2126857
2126858
2126859
2126860
2126861
2126862
2126863
2126864
2126865
2126866
2126867
2126868
2126869
2126870
2126871
2126872
2126873
2126874
2126875
2126876
2126877
2126878
2126879
2126880
2126881
2126882
2126883
2126884
2126885
2126886
2126887
2126888
2126889
2126890
2126891
2126892
2126893
2126894
2126895
2126896
2126897
2126898
2126899
2126900
2126901
2126902
2126903
2126904
2126905
2126906
2126907
2126908
2126909
2126910
2126911
2126912
2126913
2126914
2126915
2126916
2126917
2126918
2126919
2126920
2126921
2126922
2126923
2126924
2126925
2126926
2126927
2126928
2126929
2126930
2126931
2126932
2126933
2126934
2126935
2126936
2126937
2126938
2126939
2126940
2126941
2126942
2126943
2126944
2126945
2126946
2126947
2126948
2126949
2126950
2126951
2126952
2126953
2126954
2126955
2126956
2126957
2126958
2126959
2126960
2126961
2126962
2126963
2126964
2126965
2126966
2126967
2126968
2126969
2126970
2126971
