2131537
2131538
2131539
2131540
2131541
2131542
2131543
2131544
2131545
2131546
2131547
2131548
2131549
2131550
2131551
2131552
2131553
2131554
2131555
2131556
2131557
2131558
2131559
2131560
2131561
2131562
2131563
2131564
2131565
2131566
2131567
2131568
2131569
2131570
2131571
2131572
2131573
2131574
2131575
2131576
2131577
2131578
2131579
2131580
2131581
2131582
2131583
2131584
2131585
2131586
2131587
2131588
2131589
2131590
2131591
2131592
2131593
2131594
2131595
2131596
2131597
2131598
2131599
2131600
2131601
2131602
2131603
2131604
2131605
2131606
2131607
2131608
2131609
2131610
2131611
2131612
2131613
2131614
2131615
2131616
2131617
2131618
2131619
2131620
2131621
2131622
2131623
2131624
2131625
2131626
2131627
2131628
2131629
2131630
2131631
2131632
2131633
2131634
2131635
2131636
2131637
2131638
2131639
2131640
2131641
2131642
2131643
2131644
2131645
2131646
2131647
2131648
2131649
2131650
2131651
2131652
2131653
2131654
2131655
2131656
2131657
2131658
2131659
2131660
2131661
2131662
2131663
2131664
2131665
2131666
2131667
2131668
2131669
2131670
2131671
2131672
2131673
2131674
2131675
2131676
2131677
2131678
2131679
2131680
2131681
2131682
2131683
2131684
2131685
2131686
2131687
2131688
2131689
2131690
2131691
2131692
2131693
2131694
2131695
2131696
2131697
2131698
2131699
2131700
2131701
2131702
2131703
2131704
2131705
2131706
2131707
2131708
2131709
2131710
2131711
2131712
2131713
2131714
2131715
2131716
2131717
2131718
2131719
2131720
2131721
2131722
2131723
2131724
2131725
2131726
2131727
2131728
2131729
2131730
2131731
2131732
2131733
2131734
2131735
2131736
2131737
2131738
2131739
2131740
2131741
2131742
2131743
2131744
2131745
2131746
2131747
2131748
2131749
2131750
2131751
2131752
2131753
2131754
2131755
2131756
2131757
2131758
2131759
2131760
2131761
2131762
2131763
2131764
2131765
2131766
2131767
2131768
2131769
2131770
2131771
2131772
2131773
2131774
2131775
2131776
2131777
2131778
2131779
2131780
2131781
2131782
2131783
2131784
2131785
2131786
2131787
2131788
2131789
2131790
2131791
2131792
2131793
2131794
2131795
2131796
2131797
2131798
2131799
2131800
2131801
2131802
2131803
2131804
2131805
2131806
2131807
2131808
2131809
2131810
2131811
2131812
2131813
2131814
2131815
2131816
2131817
2131818
2131819
2131820
2131821
2131822
2131823
2131824
2131825
2131826
2131827
2131828
2131829
2131830
2131831
2131832
2131833
2131834
2131835
2131836
2131837
2131838
2131839
2131840
2131841
2131842
2131843
2131844
2131845
2131846
2131847
2131848
2131849
2131850
2131851
2131852
2131853
2131854
2131855
2131856
2131857
2131858
2131859
2131860
2131861
2131862
2131863
2131864
2131865
2131866
2131867
2131868
2131869
2131870
2131871
2131872
2131873
2131874
2131875
2131876
2131877
2131878
2131879
2131880
2131881
2131882
2131883
2131884
2131885
2131886
2131887
2131888
2131889
2131890
2131891
2131892
2131893
2131894
2131895
2131896
2131897
2131898
2131899
2131900
2131901
2131902
2131903
2131904
2131905
2131906
2131907
2131908
2131909
2131910
2131911
2131912
2131913
2131914
2131915
2131916
2131917
2131918
2131919
2131920
2131921
2131922
2131923
2131924
2131925
2131926
2131927
2131928
2131929
2131930
2131931
2131932
2131933
2131934
2131935
