2136269
2136270
2136271
2136272
2136273
2136274
2136275
2136276
2136277
2136278
2136279
2136280
2136281
2136282
2136283
2136284
2136285
2136286
2136287
2136288
2136289
2136290
2136291
2136292
2136293
2136294
2136295
2136296
2136297
2136298
2136299
2136300
2136301
2136302
2136303
2136304
2136305
2136306
2136307
2136308
2136309
2136310
2136311
2136312
2136313
2136314
2136315
2136316
2136317
2136318
2136319
2136320
2136321
2136322
2136323
2136324
2136325
2136326
2136327
2136328
2136329
2136330
2136331
2136332
2136333
2136334
2136335
2136336
2136337
2136338
2136339
2136340
2136341
2136342
2136343
2136344
2136345
2136346
2136347
2136348
2136349
2136350
2136351
2136352
2136353
2136354
2136355
2136356
2136357
2136358
2136359
2136360
2136361
2136362
2136363
2136364
2136365
2136366
2136367
2136368
2136369
2136370
2136371
2136372
2136373
2136374
2136375
2136376
2136377
2136378
2136379
2136380
2136381
2136382
2136383
2136384
2136385
2136386
2136387
2136388
2136389
2136390
2136391
2136392
2136393
2136394
2136395
2136396
2136397
2136398
2136399
2136400
2136401
2136402
2136403
2136404
2136405
2136406
2136407
2136408
2136409
2136410
2136411
2136412
2136413
2136414
2136415
2136416
2136417
2136418
2136419
2136420
2136421
2136422
2136423
2136424
2136425
2136426
2136427
2136428
2136429
2136430
2136431
2136432
2136433
2136434
2136435
2136436
2136437
2136438
2136439
2136440
2136441
2136442
2136443
2136444
2136445
2136446
2136447
2136448
2136449
2136450
2136451
2136452
2136453
2136454
2136455
2136456
2136457
2136458
2136459
2136460
2136461
2136462
2136463
2136464
2136465
2136466
2136467
2136468
2136469
2136470
2136471
2136472
2136473
2136474
2136475
2136476
2136477
2136478
2136479
2136480
2136481
2136482
2136483
2136484
2136485
2136486
2136487
2136488
2136489
2136490
2136491
2136492
2136493
2136494
2136495
2136496
2136497
2136498
2136499
2136500
2136501
2136502
2136503
2136504
2136505
2136506
2136507
2136508
2136509
2136510
2136511
2136512
2136513
2136514
2136515
2136516
2136517
2136518
2136519
2136520
2136521
2136522
2136523
2136524
2136525
2136526
2136527
2136528
2136529
2136530
2136531
2136532
2136533
2136534
2136535
2136536
2136537
2136538
2136539
2136540
2136541
2136542
2136543
2136544
2136545
2136546
2136547
2136548
2136549
2136550
2136551
2136552
2136553
2136554
2136555
2136556
2136557
2136558
2136559
2136560
2136561
2136562
2136563
2136564
2136565
2136566
2136567
2136568
2136569
2136570
2136571
2136572
2136573
2136574
2136575
2136576
2136577
2136578
2136579
2136580
2136581
2136582
2136583
2136584
2136585
2136586
2136587
2136588
2136589
2136590
2136591
2136592
2136593
2136594
2136595
2136596
2136597
2136598
2136599
2136600
2136601
2136602
2136603
2136604
2136605
2136606
2136607
2136608
2136609
2136610
2136611
2136612
2136613
2136614
2136615
2136616
2136617
2136618
2136619
2136620
2136621
2136622
2136623
2136624
2136625
2136626
2136627
2136628
2136629
2136630
2136631
2136632
2136633
2136634
2136635
2136636
2136637
2136638
2136639
2136640
2136641
2136642
2136643
2136644
2136645
2136646
2136647
2136648
2136649
2136650
2136651
2136652
2136653
2136654
2136655
2136656
