2128594
2128595
2128596
2128597
2128598
2128599
2128600
2128601
2128602
2128603
2128604
2128605
2128606
2128607
2128608
2128609
2128610
2128611
2128612
2128613
2128614
2128615
2128616
2128617
2128618
2128619
2128620
2128621
2128622
2128623
2128624
2128625
2128626
2128627
2128628
2128629
2128630
2128631
2128632
2128633
2128634
2128635
2128636
2128637
2128638
2128639
2128640
2128641
2128642
2128643
2128644
2128645
2128646
2128647
2128648
2128649
2128650
2128651
2128652
2128653
2128654
2128655
2128656
2128657
2128658
2128659
2128660
2128661
2128662
2128663
2128664
2128665
2128666
2128667
2128668
2128669
2128670
2128671
2128672
2128673
2128674
2128675
2128676
2128677
2128678
2128679
2128680
2128681
2128682
2128683
2128684
2128685
2128686
2128687
2128688
2128689
2128690
2128691
2128692
2128693
2128694
2128695
2128696
2128697
2128698
2128699
2128700
2128701
2128702
2128703
2128704
2128705
2128706
2128707
2128708
2128709
2128710
2128711
2128712
2128713
2128714
2128715
2128716
2128717
2128718
2128719
2128720
2128721
2128722
2128723
2128724
2128725
2128726
2128727
2128728
2128729
2128730
2128731
2128732
2128733
2128734
2128735
2128736
2128737
2128738
2128739
2128740
2128741
2128742
2128743
2128744
2128745
2128746
2128747
2128748
2128749
2128750
2128751
2128752
2128753
2128754
2128755
2128756
2128757
2128758
2128759
2128760
2128761
2128762
2128763
2128764
2128765
2128766
2128767
2128768
2128769
2128770
2128771
2128772
2128773
2128774
2128775
2128776
2128777
2128778
2128779
2128780
2128781
2128782
2128783
2128784
2128785
2128786
2128787
2128788
2128789
2128790
2128791
2128792
2128793
2128794
2128795
2128796
2128797
2128798
2128799
2128800
2128801
2128802
2128803
2128804
2128805
2128806
2128807
2128808
2128809
2128810
2128811
2128812
2128813
2128814
2128815
2128816
2128817
2128818
2128819
2128820
2128821
2128822
2128823
2128824
2128825
2128826
2128827
2128828
2128829
2128830
2128831
2128832
2128833
2128834
2128835
2128836
2128837
2128838
2128839
2128840
2128841
2128842
2128843
2128844
2128845
2128846
2128847
2128848
2128849
2128850
2128851
2128852
2128853
2128854
2128855
2128856
2128857
2128858
2128859
2128860
2128861
2128862
2128863
2128864
2128865
2128866
2128867
2128868
2128869
2128870
2128871
2128872
2128873
2128874
2128875
2128876
2128877
2128878
2128879
2128880
2128881
2128882
2128883
2128884
2128885
2128886
2128887
2128888
2128889
2128890
2128891
2128892
2128893
2128894
2128895
2128896
2128897
2128898
2128899
2128900
2128901
2128902
2128903
2128904
2128905
2128906
2128907
2128908
2128909
2128910
2128911
2128912
2128913
2128914
2128915
2128916
2128917
2128918
2128919
2128920
2128921
2128922
2128923
2128924
2128925
2128926
2128927
2128928
2128929
2128930
2128931
2128932
2128933
2128934
2128935
2128936
2128937
2128938
2128939
2128940
2128941
2128942
2128943
2128944
2128945
2128946
2128947
2128948
2128949
2128950
2128951
2128952
2128953
2128954
2128955
2128956
2128957
2128958
2128959
2128960
2128961
2128962
2128963
2128964
2128965
2128966
2128967
2128968
2128969
2128970
2128971
2128972
2128973
2128974
2128975
2128976
2128977
