2127244
2127245
2127246
2127247
2127248
2127249
2127250
2127251
2127252
2127253
2127254
2127255
2127256
2127257
2127258
2127259
2127260
2127261
2127262
2127263
2127264
2127265
2127266
2127267
2127268
2127269
2127270
2127271
2127272
2127273
2127274
2127275
2127276
2127277
2127278
2127279
2127280
2127281
2127282
2127283
2127284
2127285
2127286
2127287
2127288
2127289
2127290
2127291
2127292
2127293
2127294
2127295
2127296
2127297
2127298
2127299
2127300
2127301
2127302
2127303
2127304
2127305
2127306
2127307
2127308
2127309
2127310
2127311
2127312
2127313
2127314
2127315
2127316
2127317
2127318
2127319
2127320
2127321
2127322
2127323
2127324
2127325
2127326
2127327
2127328
2127329
2127330
2127331
2127332
2127333
2127334
2127335
2127336
2127337
2127338
2127339
2127340
2127341
2127342
2127343
2127344
2127345
2127346
2127347
2127348
2127349
2127350
2127351
2127352
2127353
2127354
2127355
2127356
2127357
2127358
2127359
2127360
2127361
2127362
2127363
2127364
2127365
2127366
2127367
2127368
2127369
2127370
2127371
2127372
2127373
2127374
2127375
2127376
2127377
2127378
2127379
2127380
2127381
2127382
2127383
2127384
2127385
2127386
2127387
2127388
2127389
2127390
2127391
2127392
2127393
2127394
2127395
2127396
2127397
2127398
2127399
2127400
2127401
2127402
2127403
2127404
2127405
2127406
2127407
2127408
2127409
2127410
2127411
2127412
2127413
2127414
2127415
2127416
2127417
2127418
2127419
2127420
2127421
2127422
2127423
2127424
2127425
2127426
2127427
2127428
2127429
2127430
2127431
2127432
2127433
2127434
2127435
2127436
2127437
2127438
2127439
2127440
2127441
2127442
2127443
2127444
2127445
2127446
2127447
2127448
2127449
2127450
2127451
2127452
2127453
2127454
2127455
2127456
2127457
2127458
2127459
2127460
2127461
2127462
2127463
2127464
2127465
2127466
2127467
2127468
2127469
2127470
2127471
2127472
2127473
2127474
2127475
2127476
2127477
2127478
2127479
2127480
2127481
2127482
2127483
2127484
2127485
2127486
2127487
2127488
2127489
2127490
2127491
2127492
2127493
2127494
2127495
2127496
2127497
2127498
2127499
2127500
2127501
2127502
2127503
2127504
2127505
2127506
2127507
2127508
2127509
2127510
2127511
2127512
2127513
2127514
2127515
2127516
2127517
2127518
2127519
2127520
2127521
2127522
2127523
2127524
2127525
2127526
2127527
2127528
2127529
2127530
2127531
2127532
2127533
2127534
2127535
2127536
2127537
2127538
2127539
2127540
2127541
2127542
2127543
2127544
2127545
2127546
2127547
2127548
2127549
2127550
2127551
2127552
2127553
2127554
2127555
2127556
2127557
2127558
2127559
2127560
2127561
2127562
2127563
2127564
2127565
2127566
2127567
2127568
2127569
2127570
2127571
2127572
2127573
2127574
2127575
2127576
2127577
2127578
2127579
2127580
2127581
2127582
2127583
2127584
2127585
2127586
2127587
2127588
2127589
2127590
2127591
2127592
