2132720
2132721
2132722
2132723
2132724
2132725
2132726
2132727
2132728
2132729
2132730
2132731
2132732
2132733
2132734
2132735
2132736
2132737
2132738
2132739
2132740
2132741
2132742
2132743
2132744
2132745
2132746
2132747
2132748
2132749
2132750
2132751
2132752
2132753
2132754
2132755
2132756
2132757
2132758
2132759
2132760
2132761
2132762
2132763
2132764
2132765
2132766
2132767
2132768
2132769
2132770
2132771
2132772
2132773
2132774
2132775
2132776
2132777
2132778
2132779
2132780
2132781
2132782
2132783
2132784
2132785
2132786
2132787
2132788
2132789
2132790
2132791
2132792
2132793
2132794
2132795
2132796
2132797
2132798
2132799
2132800
2132801
2132802
2132803
2132804
2132805
2132806
2132807
2132808
2132809
2132810
2132811
2132812
2132813
2132814
2132815
2132816
2132817
2132818
2132819
2132820
2132821
2132822
2132823
2132824
2132825
2132826
2132827
2132828
2132829
2132830
2132831
2132832
2132833
2132834
2132835
2132836
2132837
2132838
2132839
2132840
2132841
2132842
2132843
2132844
2132845
2132846
2132847
2132848
2132849
2132850
2132851
2132852
2132853
2132854
2132855
2132856
2132857
2132858
2132859
2132860
2132861
2132862
2132863
2132864
2132865
2132866
2132867
2132868
2132869
2132870
2132871
2132872
2132873
2132874
2132875
2132876
2132877
2132878
2132879
2132880
2132881
2132882
2132883
2132884
2132885
2132886
2132887
2132888
2132889
2132890
2132891
2132892
2132893
2132894
2132895
2132896
2132897
2132898
2132899
2132900
2132901
2132902
2132903
2132904
2132905
2132906
2132907
2132908
2132909
2132910
2132911
2132912
2132913
2132914
2132915
2132916
2132917
2132918
2132919
2132920
2132921
2132922
2132923
2132924
2132925
2132926
2132927
2132928
2132929
2132930
2132931
2132932
2132933
2132934
2132935
2132936
2132937
2132938
2132939
2132940
2132941
2132942
2132943
2132944
2132945
2132946
2132947
2132948
2132949
2132950
2132951
2132952
2132953
2132954
2132955
2132956
2132957
2132958
2132959
2132960
2132961
2132962
2132963
2132964
2132965
2132966
2132967
2132968
2132969
2132970
2132971
2132972
2132973
2132974
2132975
2132976
2132977
2132978
2132979
2132980
2132981
2132982
2132983
2132984
2132985
2132986
2132987
2132988
2132989
2132990
2132991
2132992
2132993
2132994
2132995
2132996
2132997
2132998
2132999
2133000
2133001
2133002
2133003
2133004
2133005
2133006
2133007
2133008
2133009
2133010
2133011
2133012
2133013
2133014
2133015
2133016
2133017
2133018
2133019
2133020
2133021
2133022
2133023
2133024
2133025
2133026
2133027
2133028
2133029
2133030
2133031
2133032
2133033
2133034
2133035
2133036
2133037
2133038
2133039
2133040
2133041
2133042
2133043
2133044
2133045
2133046
2133047
2133048
2133049
2133050
2133051
2133052
2133053
2133054
2133055
2133056
2133057
2133058
2133059
2133060
2133061
2133062
2133063
2133064
2133065
2133066
2133067
2133068
2133069
2133070
2133071
2133072
2133073
2133074
2133075
2133076
2133077
2133078
2133079
2133080
2133081
2133082
2133083
2133084
2133085
2133086
2133087
2133088
2133089
2133090
2133091
2133092
2133093
2133094
2133095
2133096
2133097
2133098
2133099
2133100
2133101
2133102
2133103
2133104
2133105
2133106
2133107
2133108
2133109
2133110
2133111
2133112
2133113
2133114
2133115
2133116
2133117
2133118
2133119
2133120
2133121
2133122
2133123
2133124
2133125
2133126
2133127
2133128
2133129
2133130
2133131
2133132
2133133
2133134
2133135
2133136
2133137
2133138
2133139
2133140
2133141
2133142
2133143
2133144
2133145
2133146
2133147
2133148
2133149
2133150
2133151
2133152
2133153
2133154
2133155
2133156
2133157
2133158
2133159
2133160
2133161
2133162
2133163
2133164
2133165
2133166
2133167
2133168
2133169
2133170
2133171
2133172
2133173
2133174
2133175
2133176
2133177
2133178
2133179
2133180
2133181
2133182
2133183
2133184
2133185
2133186
2133187
2133188
2133189
2133190
2133191
2133192
2133193
2133194
2133195
2133196
2133197
2133198
2133199
2133200
2133201
2133202
2133203
2133204
2133205
2133206
2133207
2133208
2133209
2133210
2133211
2133212
2133213
2133214
2133215
2133216
2133217
