2131936
2131937
2131938
2131939
2131940
2131941
2131942
2131943
2131944
2131945
2131946
2131947
2131948
2131949
2131950
2131951
2131952
2131953
2131954
2131955
2131956
2131957
2131958
2131959
2131960
2131961
2131962
2131963
2131964
2131965
2131966
2131967
2131968
2131969
2131970
2131971
2131972
2131973
2131974
2131975
2131976
2131977
2131978
2131979
2131980
2131981
2131982
2131983
2131984
2131985
2131986
2131987
2131988
2131989
2131990
2131991
2131992
2131993
2131994
2131995
2131996
2131997
2131998
2131999
2132000
2132001
2132002
2132003
2132004
2132005
2132006
2132007
2132008
2132009
2132010
2132011
2132012
2132013
2132014
2132015
2132016
2132017
2132018
2132019
2132020
2132021
2132022
2132023
2132024
2132025
2132026
2132027
2132028
2132029
2132030
2132031
2132032
2132033
2132034
2132035
2132036
2132037
2132038
2132039
2132040
2132041
2132042
2132043
2132044
2132045
2132046
2132047
2132048
2132049
2132050
2132051
2132052
2132053
2132054
2132055
2132056
2132057
2132058
2132059
2132060
2132061
2132062
2132063
2132064
2132065
2132066
2132067
2132068
2132069
2132070
2132071
2132072
2132073
2132074
2132075
2132076
2132077
2132078
2132079
2132080
2132081
2132082
2132083
2132084
2132085
2132086
2132087
2132088
2132089
2132090
2132091
2132092
2132093
2132094
2132095
2132096
2132097
2132098
2132099
2132100
2132101
2132102
2132103
2132104
2132105
2132106
2132107
2132108
2132109
2132110
2132111
2132112
2132113
2132114
2132115
2132116
2132117
2132118
2132119
2132120
2132121
2132122
2132123
2132124
2132125
2132126
2132127
2132128
2132129
2132130
2132131
2132132
2132133
2132134
2132135
2132136
2132137
2132138
2132139
2132140
2132141
2132142
2132143
2132144
2132145
2132146
2132147
2132148
2132149
2132150
2132151
2132152
2132153
2132154
2132155
2132156
2132157
2132158
2132159
2132160
2132161
2132162
2132163
2132164
2132165
2132166
2132167
2132168
2132169
2132170
2132171
2132172
2132173
2132174
2132175
2132176
2132177
2132178
2132179
2132180
2132181
2132182
2132183
2132184
2132185
2132186
2132187
2132188
2132189
2132190
2132191
2132192
2132193
2132194
2132195
2132196
2132197
2132198
2132199
2132200
2132201
2132202
2132203
2132204
2132205
2132206
2132207
2132208
2132209
2132210
2132211
2132212
2132213
2132214
2132215
2132216
2132217
2132218
2132219
2132220
2132221
2132222
2132223
2132224
2132225
2132226
2132227
2132228
2132229
2132230
2132231
2132232
2132233
2132234
2132235
2132236
2132237
2132238
2132239
2132240
2132241
2132242
2132243
2132244
2132245
2132246
2132247
2132248
2132249
2132250
2132251
2132252
2132253
2132254
2132255
2132256
2132257
2132258
2132259
2132260
2132261
2132262
2132263
2132264
2132265
2132266
2132267
2132268
2132269
2132270
2132271
2132272
2132273
2132274
2132275
2132276
2132277
2132278
2132279
2132280
2132281
2132282
2132283
2132284
2132285
2132286
2132287
2132288
2132289
2132290
2132291
2132292
2132293
2132294
2132295
2132296
2132297
2132298
2132299
2132300
2132301
2132302
2132303
2132304
2132305
2132306
2132307
2132308
2132309
2132310
2132311
2132312
2132313
2132314
2132315
2132316
2132317
2132318
2132319
2132320
2132321
2132322
2132323
2132324
2132325
2132326
2132327
2132328
2132329
2132330
2132331
2132332
2132333
2132334
2132335
2132336
2132337
2132338
2132339
2132340
2132341
2132342
2132343
2132344
2132345
2132346
2132347
2132348
