2134069
2134070
2134071
2134072
2134073
2134074
2134075
2134076
2134077
2134078
2134079
2134080
2134081
2134082
2134083
2134084
2134085
2134086
2134087
2134088
2134089
2134090
2134091
2134092
2134093
2134094
2134095
2134096
2134097
2134098
2134099
2134100
2134101
2134102
2134103
2134104
2134105
2134106
2134107
2134108
2134109
2134110
2134111
2134112
2134113
2134114
2134115
2134116
2134117
2134118
2134119
2134120
2134121
2134122
2134123
2134124
2134125
2134126
2134127
2134128
2134129
2134130
2134131
2134132
2134133
2134134
2134135
2134136
2134137
2134138
2134139
2134140
2134141
2134142
2134143
2134144
2134145
2134146
2134147
2134148
2134149
2134150
2134151
2134152
2134153
2134154
2134155
2134156
2134157
2134158
2134159
2134160
2134161
2134162
2134163
2134164
2134165
2134166
2134167
2134168
2134169
2134170
2134171
2134172
2134173
2134174
2134175
2134176
2134177
2134178
2134179
2134180
2134181
2134182
2134183
2134184
2134185
2134186
2134187
2134188
2134189
2134190
2134191
2134192
2134193
2134194
2134195
2134196
2134197
2134198
2134199
2134200
2134201
2134202
2134203
2134204
2134205
2134206
2134207
2134208
2134209
2134210
2134211
2134212
2134213
2134214
2134215
2134216
2134217
2134218
2134219
2134220
2134221
2134222
2134223
2134224
2134225
2134226
2134227
2134228
2134229
2134230
2134231
2134232
2134233
2134234
2134235
2134236
2134237
2134238
2134239
2134240
2134241
2134242
2134243
2134244
2134245
2134246
2134247
2134248
2134249
2134250
2134251
2134252
2134253
2134254
2134255
2134256
2134257
2134258
2134259
2134260
2134261
2134262
2134263
2134264
2134265
2134266
2134267
2134268
2134269
2134270
2134271
2134272
2134273
2134274
2134275
2134276
2134277
2134278
2134279
2134280
2134281
2134282
2134283
2134284
2134285
2134286
2134287
2134288
2134289
2134290
2134291
2134292
2134293
2134294
2134295
2134296
2134297
2134298
2134299
2134300
2134301
2134302
2134303
2134304
2134305
2134306
2134307
2134308
2134309
2134310
2134311
2134312
2134313
2134314
2134315
2134316
2134317
2134318
2134319
2134320
2134321
2134322
2134323
2134324
2134325
2134326
2134327
2134328
2134329
2134330
2134331
2134332
2134333
2134334
2134335
2134336
2134337
2134338
2134339
2134340
2134341
2134342
2134343
2134344
2134345
2134346
2134347
2134348
2134349
2134350
2134351
2134352
2134353
2134354
2134355
2134356
2134357
2134358
2134359
2134360
2134361
2134362
2134363
2134364
2134365
2134366
2134367
2134368
2134369
2134370
2134371
2134372
2134373
2134374
2134375
2134376
2134377
2134378
2134379
2134380
2134381
2134382
2134383
2134384
2134385
2134386
2134387
2134388
2134389
2134390
2134391
2134392
2134393
2134394
2134395
2134396
2134397
2134398
2134399
2134400
2134401
2134402
2134403
2134404
2134405
2134406
2134407
2134408
2134409
2134410
2134411
2134412
2134413
2134414
2134415
2134416
2134417
2134418
2134419
2134420
2134421
2134422
2134423
2134424
2134425
2134426
2134427
2134428
2134429
2134430
2134431
2134432
2134433
2134434
2134435
2134436
2134437
2134438
2134439
2134440
2134441
2134442
2134443
2134444
2134445
2134446
2134447
2134448
2134449
2134450
2134451
2134452
2134453
2134454
2134455
2134456
2134457
2134458
2134459
2134460
2134461
2134462
2134463
2134464
2134465
2134466
2134467
2134468
2134469
2134470
2134471
2134472
2134473
2134474
2134475
2134476
2134477
2134478
2134479
2134480
2134481
2134482
2134483
2134484
2134485
2134486
2134487
2134488
2134489
2134490
2134491
2134492
2134493
2134494
2134495
2134496
2134497
2134498
2134499
2134500
2134501
2134502
2134503
2134504
2134505
2134506
2134507
2134508
2134509
2134510
2134511
2134512
2134513
2134514
2134515
2134516
2134517
2134518
2134519
2134520
2134521
2134522
2134523
2134524
2134525
2134526
2134527
2134528
2134529
2134530
2134531
2134532
2134533
2134534
2134535
2134536
2134537
2134538
2134539
2134540
2134541
2134542
2134543
2134544
2134545
2134546
2134547
2134548
2134549
2134550
2134551
2134552
2134553
2134554
2134555
2134556
2134557
2134558
2134559
2134560
2134561
2134562
2134563
2134564
2134565
2134566
2134567
2134568
2134569
2134570
2134571
2134572
2134573
2134574
2134575
2134576
2134577
2134578
2134579
2134580
2134581
2134582
2134583
2134584
2134585
2134586
2134587
2134588
2134589
2134590
2134591
2134592
2134593
2134594
2134595
2134596
2134597
2134598
2134599
2134600
2134601
2134602
2134603
2134604
2134605
2134606
2134607
2134608
2134609
2134610
2134611
2134612
2134613
2134614
2134615
2134616
2134617
2134618
2134619
2134620
2134621
2134622
2134623
2134624
2134625
2134626
2134627
2134628
2134629
2134630
2134631
2134632
2134633
2134634
2134635
2134636
2134637
2134638
2134639
2134640
2134641
2134642
2134643
2134644
2134645
2134646
2134647
2134648
2134649
2134650
2134651
2134652
2134653
2134654
2134655
2134656
2134657
2134658
2134659
2134660
2134661
2134662
2134663
2134664
2134665
2134666
2134667
2134668
2134669
2134670
2134671
2134672
2134673
2134674
2134675
2134676
2134677
2134678
2134679
2134680
2134681
2134682
2134683
2134684
2134685
2134686
2134687
2134688
2134689
2134690
2134691
2134692
2134693
2134694
2134695
2134696
2134697
2134698
2134699
2134700
2134701
2134702
2134703
2134704
2134705
2134706
2134707
2134708
2134709
2134710
2134711
2134712
2134713
2134714
