2133297
2133298
2133299
2133300
2133301
2133302
2133303
2133304
2133305
2133306
2133307
2133308
2133309
2133310
2133311
2133312
2133313
2133314
2133315
2133316
2133317
2133318
2133319
2133320
2133321
2133322
2133323
2133324
2133325
2133326
2133327
2133328
2133329
2133330
2133331
2133332
2133333
2133334
2133335
2133336
2133337
2133338
2133339
2133340
2133341
2133342
2133343
2133344
2133345
2133346
2133347
2133348
2133349
2133350
2133351
2133352
2133353
2133354
2133355
2133356
2133357
2133358
2133359
2133360
2133361
2133362
2133363
2133364
2133365
2133366
2133367
2133368
2133369
2133370
2133371
2133372
2133373
2133374
2133375
2133376
2133377
2133378
2133379
2133380
2133381
2133382
2133383
2133384
2133385
2133386
2133387
2133388
2133389
2133390
2133391
2133392
2133393
2133394
2133395
2133396
2133397
2133398
2133399
2133400
2133401
2133402
2133403
2133404
2133405
2133406
2133407
2133408
2133409
2133410
2133411
2133412
2133413
2133414
2133415
2133416
2133417
2133418
2133419
2133420
2133421
2133422
2133423
2133424
2133425
2133426
2133427
2133428
2133429
2133430
2133431
2133432
2133433
2133434
2133435
2133436
2133437
2133438
2133439
2133440
2133441
2133442
2133443
2133444
2133445
2133446
2133447
2133448
2133449
2133450
2133451
2133452
2133453
2133454
2133455
2133456
2133457
2133458
2133459
2133460
2133461
2133462
2133463
2133464
2133465
2133466
2133467
2133468
2133469
2133470
2133471
2133472
2133473
2133474
2133475
2133476
2133477
2133478
2133479
2133480
2133481
2133482
2133483
2133484
2133485
2133486
2133487
2133488
2133489
2133490
2133491
2133492
2133493
2133494
2133495
2133496
2133497
2133498
2133499
2133500
2133501
2133502
2133503
2133504
2133505
2133506
2133507
2133508
2133509
2133510
2133511
2133512
2133513
2133514
2133515
2133516
2133517
2133518
2133519
2133520
2133521
2133522
2133523
2133524
2133525
2133526
2133527
2133528
2133529
2133530
2133531
2133532
2133533
2133534
2133535
2133536
2133537
2133538
2133539
2133540
2133541
2133542
2133543
2133544
2133545
2133546
2133547
2133548
2133549
2133550
2133551
2133552
2133553
2133554
2133555
2133556
2133557
2133558
2133559
2133560
2133561
2133562
2133563
2133564
2133565
2133566
2133567
2133568
2133569
2133570
2133571
2133572
2133573
2133574
2133575
2133576
2133577
2133578
2133579
2133580
2133581
2133582
2133583
2133584
2133585
2133586
2133587
2133588
2133589
2133590
2133591
2133592
2133593
2133594
2133595
2133596
2133597
2133598
2133599
2133600
2133601
2133602
2133603
2133604
2133605
2133606
2133607
2133608
2133609
2133610
2133611
2133612
2133613
2133614
2133615
2133616
2133617
2133618
2133619
2133620
2133621
2133622
2133623
2133624
2133625
2133626
2133627
2133628
2133629
2133630
2133631
2133632
2133633
2133634
2133635
2133636
2133637
2133638
2133639
2133640
2133641
2133642
2133643
2133644
2133645
2133646
2133647
2133648
2133649
2133650
2133651
2133652
2133653
2133654
2133655
2133656
2133657
2133658
2133659
2133660
2133661
2133662
2133663
2133664
2133665
2133666
2133667
2133668
2133669
2133670
2133671
2133672
2133673
2133674
2133675
2133676
2133677
2133678
2133679
2133680
2133681
2133682
2133683
2133684
2133685
2133686
2133687
2133688
2133689
2133690
2133691
2133692
2133693
2133694
2133695
2133696
2133697
2133698
2133699
2133700
2133701
2133702
2133703
2133704
2133705
2133706
2133707
2133708
2133709
2133710
