2130858
2130859
2130860
2130861
2130862
2130863
2130864
2130865
2130866
2130867
2130868
2130869
2130870
2130871
2130872
2130873
2130874
2130875
2130876
2130877
2130878
2130879
2130880
2130881
2130882
2130883
2130884
2130885
2130886
2130887
2130888
2130889
2130890
2130891
2130892
2130893
2130894
2130895
2130896
2130897
2130898
2130899
2130900
2130901
2130902
2130903
2130904
2130905
2130906
2130907
2130908
2130909
2130910
2130911
2130912
2130913
2130914
2130915
2130916
2130917
2130918
2130919
2130920
2130921
2130922
2130923
2130924
2130925
2130926
2130927
2130928
2130929
2130930
2130931
2130932
2130933
2130934
2130935
2130936
2130937
2130938
2130939
2130940
2130941
2130942
2130943
2130944
2130945
2130946
2130947
2130948
2130949
2130950
2130951
2130952
2130953
2130954
2130955
2130956
2130957
2130958
2130959
2130960
2130961
2130962
2130963
2130964
2130965
2130966
2130967
2130968
2130969
2130970
2130971
2130972
2130973
2130974
2130975
2130976
2130977
2130978
2130979
2130980
2130981
2130982
2130983
2130984
2130985
2130986
2130987
2130988
2130989
2130990
2130991
2130992
2130993
2130994
2130995
2130996
2130997
2130998
2130999
2131000
2131001
2131002
2131003
2131004
2131005
2131006
2131007
2131008
2131009
2131010
2131011
2131012
2131013
2131014
2131015
2131016
2131017
2131018
2131019
2131020
2131021
2131022
2131023
2131024
2131025
2131026
2131027
2131028
2131029
2131030
2131031
2131032
2131033
2131034
2131035
2131036
2131037
2131038
2131039
2131040
2131041
2131042
2131043
2131044
2131045
2131046
2131047
2131048
2131049
2131050
2131051
2131052
2131053
2131054
2131055
2131056
2131057
2131058
2131059
2131060
2131061
2131062
2131063
2131064
2131065
2131066
2131067
2131068
2131069
2131070
2131071
2131072
2131073
2131074
2131075
2131076
2131077
2131078
2131079
2131080
2131081
2131082
2131083
2131084
2131085
2131086
2131087
2131088
2131089
2131090
2131091
2131092
2131093
2131094
2131095
2131096
2131097
2131098
2131099
2131100
2131101
2131102
2131103
2131104
2131105
2131106
2131107
2131108
2131109
2131110
2131111
2131112
2131113
2131114
2131115
2131116
2131117
2131118
2131119
2131120
2131121
2131122
2131123
2131124
2131125
2131126
2131127
2131128
2131129
2131130
2131131
2131132
2131133
2131134
2131135
2131136
2131137
2131138
2131139
2131140
2131141
2131142
2131143
2131144
2131145
2131146
2131147
2131148
2131149
2131150
2131151
2131152
2131153
2131154
2131155
2131156
2131157
2131158
2131159
2131160
2131161
2131162
2131163
2131164
2131165
2131166
2131167
2131168
2131169
2131170
2131171
2131172
2131173
2131174
2131175
2131176
2131177
2131178
2131179
2131180
2131181
2131182
2131183
2131184
2131185
2131186
2131187
2131188
2131189
2131190
2131191
2131192
2131193
2131194
2131195
2131196
2131197
2131198
2131199
2131200
2131201
2131202
2131203
2131204
2131205
2131206
2131207
2131208
2131209
2131210
2131211
2131212
2131213
2131214
2131215
2131216
2131217
2131218
2131219
2131220
2131221
2131222
2131223
2131224
2131225
2131226
2131227
2131228
2131229
2131230
2131231
2131232
2131233
2131234
2131235
2131236
2131237
2131238
2131239
2131240
2131241
2131242
2131243
2131244
2131245
2131246
2131247
2131248
2131249
2131250
2131251
2131252
2131253
2131254
2131255
2131256
2131257
2131258
2131259
2131260
2131261
2131262
2131263
2131264
2131265
2131266
2131267
2131268
2131269
2131270
2131271
2131272
2131273
2131274
2131275
2131276
2131277
2131278
2131279
2131280
2131281
2131282
2131283
2131284
2131285
2131286
2131287
2131288
2131289
2131290
2131291
2131292
2131293
2131294
2131295
2131296
2131297
2131298
2131299
2131300
2131301
2131302
2131303
2131304
2131305
2131306
2131307
2131308
2131309
2131310
2131311
2131312
2131313
2131314
2131315
2131316
2131317
2131318
2131319
2131320
2131321
2131322
2131323
2131324
2131325
2131326
2131327
2131328
2131329
2131330
2131331
2131332
2131333
2131334
2131335
2131336
2131337
2131338
2131339
2131340
2131341
2131342
2131343
2131344
2131345
2131346
2131347
2131348
2131349
2131350
2131351
2131352
2131353
2131354
2131355
2131356
2131357
2131358
2131359
2131360
2131361
2131362
2131363
2131364
2131365
2131366
2131367
2131368
2131369
2131370
2131371
2131372
2131373
2131374
2131375
2131376
2131377
2131378
2131379
2131380
2131381
2131382
2131383
2131384
2131385
2131386
2131387
2131388
2131389
2131390
2131391
2131392
2131393
2131394
2131395
2131396
2131397
2131398
2131399
2131400
2131401
2131402
2131403
2131404
2131405
2131406
2131407
2131408
2131409
2131410
2131411
2131412
2131413
2131414
2131415
2131416
2131417
2131418
2131419
2131420
2131421
2131422
2131423
2131424
2131425
2131426
2131427
2131428
2131429
2131430
2131431
2131432
2131433
2131434
2131435
2131436
2131437
2131438
2131439
2131440
2131441
2131442
2131443
2131444
2131445
2131446
2131447
2131448
2131449
2131450
2131451
2131452
2131453
2131454
2131455
2131456
2131457
2131458
2131459
2131460
2131461
2131462
2131463
2131464
2131465
2131466
2131467
2131468
2131469
2131470
2131471
2131472
2131473
2131474
2131475
2131476
2131477
2131478
2131479
2131480
2131481
2131482
2131483
2131484
2131485
2131486
2131487
2131488
2131489
2131490
2131491
2131492
2131493
2131494
2131495
2131496
2131497
2131498
2131499
2131500
2131501
2131502
2131503
2131504
2131505
2131506
2131507
2131508
2131509
2131510
2131511
2131512
2131513
2131514
2131515
2131516
2131517
2131518
2131519
2131520
2131521
2131522
2131523
2131524
2131525
2131526
2131527
2131528
2131529
2131530
2131531
2131532
2131533
2131534
