2126464
2126465
2126466
2126467
2126468
2126469
2126470
2126471
2126472
2126473
2126474
2126475
2126476
2126477
2126478
2126479
2126480
2126481
2126482
2126483
2126484
2126485
2126486
2126487
2126488
2126489
2126490
2126491
2126492
2126493
2126494
2126495
2126496
2126497
2126498
2126499
2126500
2126501
2126502
2126503
2126504
2126505
2126506
2126507
2126508
2126509
2126510
2126511
2126512
2126513
2126514
2126515
2126516
2126517
2126518
2126519
2126520
2126521
2126522
2126523
2126524
2126525
2126526
2126527
2126528
2126529
2126530
2126531
2126532
2126533
2126534
2126535
2126536
2126537
2126538
2126539
2126540
2126541
2126542
2126543
2126544
2126545
2126546
2126547
2126548
2126549
2126550
2126551
2126552
2126553
2126554
2126555
2126556
2126557
2126558
2126559
2126560
2126561
2126562
2126563
2126564
2126565
2126566
2126567
2126568
2126569
2126570
2126571
2126572
2126573
2126574
2126575
2126576
2126577
2126578
2126579
2126580
2126581
2126582
2126583
2126584
2126585
2126586
2126587
2126588
2126589
2126590
2126591
2126592
2126593
2126594
2126595
2126596
2126597
2126598
2126599
2126600
2126601
2126602
2126603
2126604
2126605
2126606
2126607
2126608
2126609
2126610
2126611
2126612
2126613
2126614
2126615
2126616
2126617
2126618
2126619
2126620
2126621
2126622
2126623
2126624
2126625
2126626
2126627
2126628
2126629
2126630
2126631
2126632
2126633
2126634
2126635
2126636
2126637
2126638
2126639
2126640
2126641
2126642
2126643
2126644
2126645
2126646
2126647
2126648
2126649
2126650
2126651
2126652
2126653
2126654
2126655
2126656
2126657
2126658
2126659
2126660
2126661
2126662
2126663
2126664
2126665
2126666
2126667
2126668
2126669
2126670
2126671
2126672
2126673
2126674
2126675
2126676
2126677
2126678
2126679
