2132354
2132355
2132356
2132357
2132358
2132359
2132360
2132361
2132362
2132363
2132364
2132365
2132366
2132367
2132368
2132369
2132370
2132371
2132372
2132373
2132374
2132375
2132376
2132377
2132378
2132379
2132380
2132381
2132382
2132383
2132384
2132385
2132386
2132387
2132388
2132389
2132390
2132391
2132392
2132393
2132394
2132395
2132396
2132397
2132398
2132399
2132400
2132401
2132402
2132403
2132404
2132405
2132406
2132407
2132408
2132409
2132410
2132411
2132412
2132413
2132414
2132415
2132416
2132417
2132418
2132419
2132420
2132421
2132422
2132423
2132424
2132425
2132426
2132427
2132428
2132429
2132430
2132431
2132432
2132433
2132434
2132435
2132436
2132437
2132438
2132439
2132440
2132441
2132442
2132443
2132444
2132445
2132446
2132447
2132448
2132449
2132450
2132451
2132452
2132453
2132454
2132455
2132456
2132457
2132458
2132459
2132460
2132461
2132462
2132463
2132464
2132465
2132466
2132467
2132468
2132469
2132470
2132471
2132472
2132473
2132474
2132475
2132476
2132477
2132478
2132479
2132480
2132481
2132482
2132483
2132484
2132485
2132486
2132487
2132488
2132489
2132490
2132491
2132492
2132493
2132494
2132495
2132496
2132497
2132498
2132499
2132500
2132501
2132502
2132503
2132504
2132505
2132506
2132507
2132508
2132509
2132510
2132511
2132512
2132513
2132514
2132515
2132516
2132517
2132518
2132519
2132520
2132521
2132522
2132523
2132524
2132525
2132526
2132527
2132528
2132529
2132530
2132531
2132532
2132533
2132534
2132535
2132536
2132537
2132538
2132539
2132540
2132541
2132542
2132543
2132544
2132545
2132546
2132547
2132548
2132549
2132550
2132551
2132552
2132553
2132554
2132555
2132556
2132557
2132558
2132559
2132560
2132561
2132562
2132563
2132564
2132565
2132566
2132567
2132568
2132569
2132570
2132571
2132572
2132573
2132574
2132575
2132576
2132577
2132578
2132579
2132580
2132581
2132582
2132583
2132584
2132585
2132586
2132587
2132588
2132589
2132590
2132591
2132592
2132593
2132594
2132595
2132596
2132597
2132598
2132599
2132600
2132601
2132602
2132603
2132604
2132605
2132606
2132607
2132608
2132609
2132610
2132611
2132612
2132613
2132614
2132615
2132616
2132617
2132618
2132619
2132620
2132621
2132622
2132623
2132624
2132625
2132626
2132627
2132628
2132629
2132630
2132631
2132632
2132633
2132634
2132635
2132636
2132637
2132638
2132639
2132640
2132641
2132642
2132643
2132644
2132645
2132646
2132647
2132648
2132649
2132650
2132651
2132652
2132653
2132654
2132655
2132656
2132657
2132658
2132659
2132660
2132661
2132662
2132663
2132664
2132665
2132666
2132667
2132668
2132669
2132670
2132671
2132672
2132673
2132674
2132675
2132676
2132677
2132678
2132679
2132680
2132681
2132682
2132683
2132684
2132685
2132686
2132687
2132688
2132689
2132690
2132691
2132692
2132693
2132694
2132695
2132696
2132697
2132698
2132699
2132700
2132701
2132702
2132703
2132704
2132705
2132706
2132707
2132708
2132709
2132710
2132711
2132712
2132713
2132714
2132715
2132716
2132717
2132718
2132719
